5.688325244079e7
5.852979042383e7
6.194786058156e7
6.242692672237e7
6.323761969835e7
6.521066606328e7
6.533751151869e7
6.475548973104e7
6.626147611023e7
6.661743470941e7
5.930908337474e7
5.852979042383e7
6.194786058156e7
6.242692672237e7
6.323761969835e7
6.521066606328e7
6.533751151869e7
6.550816901527e7
5.699202976089e7
6.661743470941e7
5.688325244079e7
5.852979042383e7
6.194786058156e7
6.242692672237e7
6.323761969835e7
6.521066606328e7
6.533751151869e7
6.581865675559e7
6.626147611023e7
6.661743470941e7
5.688325244079e7
5.852979042383e7
6.194786058156e7
6.242692672237e7
6.323761969835e7
6.521066606328e7
6.533751151869e7
6.550816901527e7
6.626147611023e7
6.661743470941e7
5.688325244079e7
5.852979042383e7
6.194786058156e7
6.242692672237e7
6.323761969835e7
6.521066606328e7
6.533751151869e7
6.550816901527e7
5.472594787671e7
6.661743470941e7
5.688325244079e7
6.504469228544e7
6.540713766981e7
6.242692672237e7
6.323761969835e7
6.521066606328e7
6.533751151869e7
6.550816901527e7
6.626147611023e7
6.661743470941e7
5.688325244079e7
5.852979042383e7
6.194786058156e7
5.499007176176e7
6.323761969835e7
6.521066606328e7
6.549799626492e7
6.550816901527e7
6.626147611023e7
6.661743470941e7
5.909459734033e7
5.852979042383e7
6.194786058156e7
6.242692672237e7
6.323761969835e7
6.521066606328e7
6.533751151869e7
6.550816901527e7
6.626147611023e7
6.661743470941e7
5.688325244079e7
5.852979042383e7
6.194786058156e7
6.242692672237e7
6.323761969835e7
6.521066606328e7
6.533751151869e7
6.550816901527e7
6.626147611023e7
6.661743470941e7
5.688325244079e7
5.852979042383e7
6.194786058156e7
6.242692672237e7
6.323761969835e7
6.521066606328e7
6.533751151869e7
6.550816901527e7
6.626147611023e7
6.661743470941e7
