71552758.72363
75319877.19068
77997762.48178
71549009.28467
72353921.93581
67567335.09137
72234173.69071
64755489.73104
71981434.08886
74542794.73862
59309083.37474
68634327.49805
69326995.38752
69241688.84266
85271707.94486
76784571.91458
76178647.23865
77579896.68911
56992029.76089
76877453.39238
77291734.49937
72482220.28595
78901215.53422
72549872.63057
74423884.28067
75896624.42938
72967457.51147
65818656.75559
69717302.36208
75434534.94276
96154131.54638
75242539.15589
77665586.01650
71460627.16832
69415533.07148
74498415.66723
79029489.84914
70315817.76338
68676652.81831
71330501.62218
81331228.74059
81096420.46367
73330391.65111
91009478.52776
72397285.71846
69124928.32158
74081968.04559
71694677.99522
54725947.87671
81324463.97272
68451511.35924
65044692.28544
65407137.66981
68868584.95472
71329988.94386
70313027.87254
86194214.88270
77485934.51390
80390983.04554
70449149.67597
77073578.77606
77447205.49076
71841573.83539
54990071.76176
78803961.23743
80175981.05855
65497996.26492
76387728.26095
74994397.10944
74206756.45062
59094597.34033
79689330.43049
89927878.86585
78339962.52008
66731188.74698
79081809.07194
70985177.72069
73977518.32363
74681550.61776
77282466.62419
68274043.15393
77901696.25166
74744883.33439
72412935.60365
92605238.49756
67039613.36631
90085839.25252
72249118.51148
74127598.50237
71587857.24736
76118903.65121
77563229.61163
75635924.26521
75593710.82683
80972525.03898
74345670.40206
72937005.81162
74580011.89984
77759977.71845
74662691.38216
