79433786.96783
85281065.20110
65508169.01527
75102022.83872
70834787.78535
76774032.72925
65210666.06328
87299569.86739
74948902.01045
80826941.50984
73229440.77736
74989900.25930
74996311.97105
67577292.60939
84815733.06396
74096182.32888
78976645.52231
70372909.50333
87267110.90779
69358532.42524
74299263.47912
88801958.47868
74457294.81515
72581933.92684
63237619.69835
78722525.93155
89749351.54147
77803501.46043
69157333.84077
71983827.02357
69714917.37587
72574262.65940
70558133.66567
89312960.85329
78843058.72320
70320254.47206
85928248.24256
69920916.89766
58529790.42383
74434941.18026
72753849.48115
79520418.58224
76615424.15512
84341399.89657
86888720.44525
77183863.77064
68798902.36405
77976940.24217
86707727.05900
74815513.67968
67882862.07730
77407938.23827
62426926.72237
66261476.11023
70366998.06134
74554602.59724
74314446.90773
93253677.43594
56883252.44079
65337511.51869
78267909.55602
90347529.03109
72015901.98488
75768424.75926
86704467.91820
72691045.41906
75007597.94021
74252561.23591
72053640.37321
61947860.58156
86957349.84152
68873838.78025
72635425.59547
72502671.93966
73119031.03625
79078800.38092
76287624.49362
67660278.93692
79083850.81195
66617434.70941
77648036.66043
72795721.78232
78746508.20455
66849486.28525
94259101.88392
76305144.78377
71679195.64573
94386657.42100
78616950.69688
67766849.90068
77108643.25358
79181914.53024
83488920.84670
76097707.71268
70342571.00092
77166047.34344
68333846.25795
68898140.62996
67184286.38833
71265171.50370
